1	339391	57237	969	11834	201	0	0	0
2	341985	60313	1115	14261	200	0	0	0
3	340994	59267	1091	11938	214	0	0	0
4	339932	59101	1046	11699	183	0	0	0
5	340737	59263	1143	11731	192	0	0	0
6	339124	59244	1082	11875	205	0	0	0
7	337488	57029	1012	12088	177	0	0	0
8	338573	89169	1640	14957	226	0	0	0
9	340125	90915	1651	16671	280	0	0	0
10	339514	88958	1658	16056	262	0	0	0
11	340801	89126	1644	15907	264	0	0	0
12	339604	87916	1635	13172	228	0	0	0
13	340669	88629	1664	12751	211	0	0	0
14	340733	87901	1653	12955	224	0	0	0
15	339130	94553	1749	15358	270	0	0	0
16	340808	122288	2259	19661	365	0	0	0
17	338881	121765	2196	18527	314	0	0	0
18	337269	119754	2178	15894	277	0	0	0
19	338171	119423	2154	15760	288	0	0	0
20	331396	116503	2083	13568	236	0	0	0
21	337731	119624	2231	15186	267	0	0	0
22	339767	120431	2231	15949	275	0	0	0
23	331292	135652	2362	17783	343	0	0	0
24	326349	155418	2760	24127	428	0	0	0
25	338625	159646	2937	25645	454	0	0	0
26	339208	159659	2879	25755	448	0	0	0
27	340093	160316	2945	25632	452	0	0	0
28	339256	160004	3000	25185	401	0	0	0
29	339902	160678	2941	24882	436	0	0	0
30	340107	180027	3283	33709	602	0	0	0
31	340991	200136	3749	46320	802	0	0	0
32	340133	199175	3669	46942	889	0	0	0
33	340021	200573	3691	47703	837	0	0	0
34	339642	199264	3662	46045	864	0	0	0
35	340796	199661	3702	46118	827	0	0	0
36	340583	199608	3653	46422	835	0	0	0
37	337942	199566	3509	47060	786	0	0	0
38	341193	201319	3752	46627	859	0	0	0
39	340805	200277	3656	46513	871	0	0	0
40	343829	205375	3840	50703	933	0	0	0
41	342331	221063	4111	69804	1250	0	0	0
42	339482	221151	4087	70549	1183	0	0	0
43	341109	221617	4123	70438	1226	0	0	0
44	341881	222350	3984	71486	1309	0	0	0
45	340327	221277	4093	70429	1296	0	0	0
46	340652	221259	4062	70582	1329	0	0	0
47	342274	221463	4010	70698	1264	0	0	0
48	341375	221311	3950	70214	1251	0	0	0
49	340882	230621	4160	88728	1556	0	0	0
50	341561	233055	4340	99289	1823	0	0	0
51	341037	232335	4351	99853	1727	0	0	0
52	341787	232475	4244	99213	1856	0	0	0
53	342643	234195	4366	101359	1862	0	0	0
54	343059	233897	4289	101352	1893	0	0	0
55	342205	233435	4309	101065	1802	0	0	0
56	341700	234726	4345	101077	1829	0	0	0
57	341796	232487	4268	100822	1780	0	0	0
58	342240	233028	4301	150498	2804	0	0	0
59	341436	233375	4276	150812	2720	0	0	0
60	341697	233314	4216	150893	2696	0	0	0
61	341345	233593	4361	150912	2765	0	0	0
62	343050	235036	4355	151935	2725	0	0	0
63	342126	233032	4241	151137	2758	0	0	0
64	343103	234113	4294	150317	2593	0	0	0
65	341315	234242	4316	149082	2762	0	0	0
66	341697	232555	4276	147983	2659	0	0	0
67	342088	231246	4196	154268	2878	0	0	0
68	341753	222990	4090	185541	3386	0	0	0
69	342371	224423	4070	187041	3413	0	0	0
70	343574	223935	4111	186970	3383	0	0	0
71	340563	223848	4082	187016	3322	0	0	0
72	343039	223598	4192	187090	3318	0	0	0
73	342353	224372	4184	188443	3464	0	0	0
74	341674	224581	4108	186552	3246	0	0	0
75	341125	223623	4065	184765	3299	0	0	0
76	340699	223274	4004	184535	3474	0	0	0
77	342581	223251	4129	185628	3399	0	0	0
78	341355	222282	4065	185912	3392	0	0	0
79	339943	208869	3788	220061	3904	0	0	0
80	342818	209210	3784	223052	4096	0	0	0
81	340311	207715	3778	222700	3942	0	0	0
82	342352	207997	3842	224045	4019	0	0	0
83	342275	207586	3824	222825	4036	0	0	0
84	342307	208967	3774	222678	4044	0	0	0
85	342423	208420	3835	223889	4101	0	0	0
86	341371	207486	3830	222756	4114	0	0	0
87	341440	200989	3719	235815	4277	0	0	0
88	341682	183925	3439	267333	4974	0	0	0
89	342534	184038	3351	268366	4806	0	0	0
90	343976	184675	3436	267300	4674	0	0	0
91	343640	183840	3416	267054	4806	0	0	0
92	342231	184411	3381	266851	4793	0	0	0
93	342595	184213	3390	265296	4812	0	0	0
94	340224	182794	3379	265967	4690	0	0	0
95	341062	183316	3408	266779	4717	0	0	0
96	341974	182450	3363	265274	4651	0	0	0
97	341112	182444	3345	265131	4826	0	0	0
98	342827	148070	2582	316581	5790	0	0	0
99	342427	148535	2654	318031	5793	0	0	0
100	341823	147180	2705	317388	5648	0	0	0
101	343058	149801	2747	320055	5770	0	0	0
102	344352	150844	2877	322223	5879	0	0	0
103	342807	149036	2743	319171	5849	0	0	0
104	343862	149134	2685	320386	5818	0	0	0
105	342696	148439	2641	319038	5685	0	0	0
106	343087	148079	2765	319002	5663	0	0	0
107	342585	110175	2016	364091	6546	0	0	0
108	342860	110817	2002	366687	6649	0	0	0
109	341892	110334	2050	365809	6534	0	0	0
110	343392	110647	1965	365810	6590	0	0	0
111	342663	110563	2088	365264	6580	0	0	0
112	344538	110204	2096	366157	6667	0	0	0
113	342361	110444	2035	366198	6634	0	0	0
114	342022	110631	2035	365859	6734	0	0	0
115	343644	110018	2005	366970	6674	0	0	0
116	342859	95904	1756	380938	6802	0	0	0
117	342698	74853	1378	405629	7343	0	0	0
118	344803	75181	1381	407172	7426	0	0	0
119	344590	75255	1395	405677	7324	0	0	0
120	345898	75648	1394	408565	7433	0	0	0
121	343814	75879	1341	405015	7347	0	0	0
122	344318	75696	1454	405280	7421	0	0	0
123	344532	75184	1393	403559	7286	0	0	0
124	344388	75814	1411	406373	7509	0	0	0
125	344457	75306	1429	406172	7238	0	0	0
126	344208	74495	1310	404550	7314	0	0	0
127	342793	71030	1300	403136	7194	0	0	0
128	346406	50228	939	437976	8048	0	0	0
129	345733	46634	852	432103	7927	0	0	0
130	343318	47128	819	430647	7799	0	0	0
131	345927	48150	884	432186	8147	0	0	0
132	344204	47215	905	431069	7830	0	0	0
133	345678	47875	898	433357	7947	0	0	0
134	343961	47304	879	429701	7695	0	0	0
135	345951	48965	901	432042	7911	0	0	0
136	346018	49243	927	430925	7978	0	0	0
137	343558	45190	796	428441	7927	0	0	0
138	344974	30510	584	444397	8093	0	0	0
139	343782	29364	531	442784	8066	0	0	0
140	344892	30415	571	441555	8123	0	0	0
141	346416	31295	581	444285	8026	0	0	0
142	344525	30254	581	442894	8169	0	0	0
143	343541	29280	532	439084	8189	0	0	0
144	343550	28168	525	437126	7948	0	0	0
145	343965	16923	279	436490	7929	0	0	0
146	343520	17346	311	438314	7941	0	0	0
147	344063	17434	324	437826	7798	0	0	0
148	339825	14084	272	430925	7866	0	0	0
149	334078	12803	220	428034	7739	0	0	0
150	325887	10960	168	428714	7522	0	0	0
151	322744	10636	172	426774	7329	0	0	0
152	324418	10906	185	428031	7492	0	0	0
153	324363	10653	187	425562	7281	0	0	0
0	0	0	0	0	0	0	0	0
0	0	0	0	0	0	0	0	0
0	0	0	0	0	0	0	0	0
0	0	0	0	0	0	0	0	0
0	0	0	0	0	0	0	0	0
0	0	0	0	0	0	0	0	0
0	0	0	0	0	0	0	0	0
0	0	0	0	0	0	0	0	0
0	0	0	0	0	0	0	0	0
0	0	0	0	0	0	0	0	0
0	0	0	0	0	0	0	0	0
0	0	0	0	0	0	0	0	0
0	0	0	0	0	0	0	0	0
0	0	0	0	0	0	0	0	0
0	0	0	0	0	0	0	0	0
0	0	0	0	0	0	0	0	0
0	0	0	0	0	0	0	0	0
0	0	0	0	0	0	0	0	0
0	0	0	0	0	0	0	0	0
0	0	0	0	0	0	0	0	0
0	0	0	0	0	0	0	0	0
0	0	0	0	0	0	0	0	0
0	0	0	0	0	0	0	0	0
0	0	0	0	0	0	0	0	0
0	0	0	0	0	0	0	0	0
0	0	0	0	0	0	0	0	0
0	0	0	0	0	0	0	0	0
0	0	0	0	0	0	0	0	0
0	0	0	0	0	0	0	0	0
0	0	0	0	0	0	0	0	0
0	0	0	0	0	0	0	0	0
0	0	0	0	0	0	0	0	0
0	0	0	0	0	0	0	0	0
0	0	0	0	0	0	0	0	0
0	0	0	0	0	0	0	0	0
0	0	0	0	0	0	0	0	0
0	0	0	0	0	0	0	0	0
0	0	0	0	0	0	0	0	0
0	0	0	0	0	0	0	0	0
0	0	0	0	0	0	0	0	0
